# Worst case input for k=5
# Universe size
62
# Number of sets
7
# Weights
1 1 1 1 1 1 1 
# Sets are specified in SetFile format
##setfile
# Set 0
2
0
31
# Set 1
4
1 2
32 33
# Set 2
8
3 4 5 6
34 35 36 37
# Set 3
16
7 8 9 10 11 12 13 14
38 39 40 41 42 43 44 45
# Set 4
32
15 16 17 18 19 20 21 22 23 24 25 26 27 28 29 30
46 47 48 49 50 51 52 53 54 55 56 57 58 59 60 61
# Set 5
31
0 1 2 3 4 5 6 7 8 9 10 11 12 13 14 15 16 17 18 19 20 21 22 23 24 25 26 27 28 29 30
# Set 6
31
31 32 33 34 35 36 37 38 39 40 41 42 43 44 45 46 47 48 49 50 51 52 53 54 55 56 57 58 59 60 61
